1
10
100
1000
10000
10002
100033413
100048912
100049159
100049707
10007
10008
1001
10010
100124700
100126297
100126309
100126313
100126319
100126327
100126334
100126335
100126345
100126351
100126355
100126356
100126572
100128252
10013
100130827
100131801
100131814
100134444
100137049
10014
100144748
10015
100151683
10016
10018
100188856
10019
10020
10021
10025
100272147
100288687
1003
100302115
100302142
100302145
100302149
100302150
100302174
100302197
100302201
100302232
100302236
100302246
100302250
100302259
100302263
100302690
100303453
100312787
100313886
100359402
100359403
10038
10039
10040
10042
100422821
100422837
100422910
100422981
100422991
10043
10045
10046
10048
10049
1005
100506658
100506742
100507056
100507436
100507679
10052
10054
10055
10056
10057
10058
10059
1006
10060
100616258
100616259
100616323
100616452
100616496
10062
10063
1007
10075
100750225
100775105
1008
10082
100820829
10083
10084
10085
10087
1009
10090
10092
10093
10094
10095
10096
10097
1010
10100
10102
10105
10108
10109
10111
10112
10114
10117
1012
10125
10128
10129
1013
10131
10133
10134
10135
10137
10139
10140
10142
10144
10148
10149
1015
10151
10154
10157
10158
10159
1016
10160
10161
10165
10166
101669767
1017
10178
10179
1018
10188
10189
1019
101926885
101928376
10193
10194
10195
10196
10197
102
1020
10203
10204
10205
10206
10207
1021
10210
10211
10215
10216
1022
10220
10221
10225
10226
10228
10229
10232
10236
10239
1024
10241
10242
10243
102465530
102465802
102466251
102466270
102466739
10249
1025
10251
10252
10253
10255
10256
10257
1026
10261
10262
10263
10265
10266
10267
10268
10269
1027
10270
10273
10274
10276
10279
1028
10280
10283
1029
10290
10293
10295
10296
10297
10298
103
1030
10300
10308
10309
1031
10312
10318
10319
1032
10320
10324
10326
10327
10329
1033
10330
10333
10342
10343
10344
10345
10346
10347
10349
10350
10351
10352
1036
10363
10365
10367
10369
10370
10371
10376
10381
10382
10383
10389
10392
10395
10396
10397
10398
10399
104
1040
10400
10404
1041
10410
10411
10412
10413
10417
10420
10423
10426
1043
10436
10437
10438
10439
10443
10449
1045
10451
10452
10454
10455
10456
10457
10459
10460
10461
10462
10463
10464
10465
10466
10468
10472
10476
10479
1048
10480
10481
10483
10484
10487
10491
10492
10495
10498
10499
1050
10507
1051
10512
10514
10516
10518
10519
1052
10522
10524
105259599
10527
10528
10529
1053
10533
10535
10536
10537
10542
10544
10549
10550
10551
10553
10555
10557
10558
10559
1056
10560
10561
10562
10564
10568
1057
10572
10574
10576
10577
10578
10579
10580
10584
10585
10586
10587
10588
10589
10592
10594
10599
10602
10606
10611
10613
10616
10617
1062
10625
10627
10628
1063
10631
10634
10641
10644
10645
10654
10659
1066
10660
10661
10664
10666
10667
10669
10672
10673
10675
10678
1068
10681
10682
10683
10686
10693
10695
107
1071
10712
10714
10715
10716
10717
10718
1072
10723
10726
10728
1073
10730
10733
10734
10735
10736
10743
10746
10747
10749
1075
10752
10758
10763
10765
10766
10769
10771
10772
10775
10785
10787
10788
10797
108
1080
10800
10801
10803
10804
10806
10808
10809
10810
10813
10814
10815
10818
1082
10826
1084
10840
10841
10842
10846
10847
10850
10855
10856
10857
10858
10859
10861
10863
10864
1087
10873
10875
10877
10878
1088
10887
1089
10891
10892
10893
10897
109
10901
10902
10907
10908
10911
10913
10914
10916
10919
10924
10928
10935
10939
10940
10943
10945
10946
10948
10950
10951
10955
109580095
10959
10961
10963
10964
10965
10971
10973
10975
10978
10979
10980
10981
10982
10984
10987
10988
10989
10991
10993
10998
10999
11004
11005
11009
11010
11011
11018
11019
11020
11024
1103
11034
11040
11041
11043
1105
1106
11063
11065
11067
1107
11073
11078
1108
11082
1109
11093
11095
11096
11098
11099
111
11107
1111
11112
11113
11122
11127
11128
11129
1113
11132
11133
11136
1114
11141
11144
11146
11149
11151
11152
11154
11155
11156
11157
1116
11160
11167
11168
11170
11171
11173
11176
11178
11179
1118
11181
11183
11184
11186
11187
11188
1119
11193
11194
11197
112
1120
11200
11202
1121
11212
11213
11214
11216
11219
11222
11224
11227
11228
1123
11231
11232
11234
11235
11236
11238
112398
112399
1124
11240
112476
11250
11251
11252
11253
11254
11255
11257
112609
11261
11262
112714
112724
11274
112744
112752
112755
11277
11278
11279
1128
11280
112802
11281
112817
11284
112849
11285
112858
1129
112939
113
1130
11309
1131
11311
11315
113179
113189
1132
113201
11321
11322
113235
113246
11326
113278
11329
1133
11330
11331
11337
1134
11340
11343
113451
1135
113510
1136
113612
113675
1137
1138
113828
113878
1139
114
1140
114034
114049
1141
114131
1142
114294
1143
114327
1144
1145
114548
114571
1146
114609
1147
114770
114771
114781
114784
114788
114795
114798
114814
114815
114826
114879
114885
114899
1149
114902
114904
114990
115
115019
115111
1152
115207
115265
115286
1153
115352
1154
115650
115761
1158
115908
115948
116
1160
116039
116068
116071
116085
1161
116113
116115
116135
116150
116228
116285
1163
116369
116442
116443
116444
116447
116449
116461
116496
116519
116833
116844
116966
116986
116987
117
117144
117145
117156
117159
117289
1174
1175
117531
117579
117581
117583
1178
1179
118
1180
1181
1182
1183
1184
118429
118490
1186
1187
1188
118813
118856
118881
1191
1192
1193
119391
1195
1196
119749
1198
12
120
1200
1201
120227
1203
120526
120534
1207
1208
120892
1212
121214
121256
121260
121278
1213
121340
121391
1215
121512
121551
121601
121642
122042
122402
122416
122481
122525
122553
122618
122622
122953
122961
123
1230
123016
123041
123096
1232
123263
123264
1233
1234
1235
1236
123606
123624
1237
123872
124
1240
124093
1241
124222
1244
124404
124454
124512
124583
124590
124842
124989
124997
125
125228
125336
1258
125893
1259
125958
125972
125997
126
1260
126003
1261
126129
126133
126205
126248
1263
126326
126328
126410
1265
1266
126695
1267
126792
1268
1269
127
1270
127534
1277
127795
1278
127833
127933
128
1280
1281
128178
1282
128218
128240
128338
1284
128439
1285
1286
128611
128637
128674
1287
1288
128859
128866
1289
128989
1290
1291
1292
1293
1294
129563
1296
1297
129787
1298
129880
1299
130
1300
1301
130120
1302
1303
130340
130399
1305
130557
1306
1308
130814
130872
131
1310
1311
131118
131177
1312
131377
1314
131408
131566
1316
131669
1317
131965
132
132112
132158
132332
1326
132671
1327
132789
132884
1329
133
133396
133418
133522
133686
133688
1337
1339
134
1340
134218
134430
1345
1346
134701
134728
134829
134864
1349
135
1350
1351
135112
135152
1352
135228
1355
1356
135656
1357
135886
135892
135935
136
1360
1361
1362
136259
1363
136371
1364
1365
1366
136647
1368
1369
136991
1370
1371
137196
1373
137392
1374
137492
1375
1376
137682
137735
1378
137814
137868
137872
1380
138046
138050
1381
1382
1384
138474
1385
1386
1387
138883
1390
139081
139105
139135
139189
1392
139212
139285
1393
139378
1394
139411
139422
1395
139599
139716
139760
1398
139818
1399
140
1400
1401
1404
140465
140576
1406
140625
140628
140679
1407
140732
140733
140767
1408
140801
140803
140886
1409
140901
140902
140907
140947
1410
1411
1412
1413
1414
1415
1417
1418
1419
142
1420
1421
1423
142678
142680
142685
142689
1427
1428
1429
143
1431
143187
1432
143384
1435
1436
143686
1437
1438
1439
143903
1440
1441
144100
144132
144165
1442
144406
1445
144568
144717
1448
144811
145173
1452
145226
145258
145270
1453
1454
145447
145482
1455
1456
145624
1457
145741
145864
145873
1459
146
1460
146057
146059
146167
146177
146183
1462
146225
146227
146279
1463
1465
146664
146705
1468
146862
1469
147
147007
1471
147138
147183
1472
147372
147381
1474
147409
147463
147495
1475
1476
147657
1478
147912
147929
148
148014
148022
148103
1482
148266
148327
1487
148738
148789
1488
148867
1489
1490
1491
149111
149233
1493
149420
149461
1495
149563
1496
149628
1497
149775
1499
15
150
150000
150084
150094
1501
1503
1504
150468
150483
1506
150726
1508
1509
151
151056
1511
1512
151295
1513
151306
1514
1515
151556
151636
151647
151648
151742
151887
152
1520
152007
1522
152273
1523
152330
1524
152518
152789
1528
152816
152926
153
153020
153090
153129
153201
153241
1535
153562
153572
1536
1537
154
1540
154141
154215
154288
1543
1544
1545
154664
154796
1548
154807
154881
155
155054
1551
1553
155368
155382
1555
1557
1558
1559
156
1562
1565
157
1571
157570
1576
157657
157680
1577
157855
1579
157922
158
1580
158038
158056
158067
1581
1582
1583
158326
1584
1585
158584
1586
158763
1588
158835
158866
1589
159
1591
159195
1592
159296
1593
1594
1595
16
1600
160287
160364
1604
160418
160492
1605
1606
1607
160728
160762
1608
160851
160897
1609
1610
1611
161198
1612
161291
1613
161424
161436
161497
161582
1616
161742
1618
1621
1622
162387
162417
162466
162514
1627
1629
1630
163175
163183
1632
1633
1634
163486
1636
1637
163702
163786
1639
164045
1641
1642
1643
164395
1644
1645
1646
164656
1647
164781
1649
165
1650
1654
1655
1656
165631
1657
165904
165918
166
1662
1663
166336
166378
166379
1665
1666
166614
166752
166785
1668
1670
1671
1672
1673
167359
1674
167465
1675
167691
1678
168002
168391
168400
168507
168667
1687
1690
169026
169044
169166
169355
169436
169522
169792
169841
170062
170261
170302
170572
170575
170589
170679
170680
170691
171019
171023
1714
1716
1717
1718
1719
1723
1725
1727
1728
1729
173
1730
1733
1734
1735
1736
1737
1738
1739
174
1740
1741
1742
1743
1745
1746
1747
1748
1749
175
1755
1756
1758
1759
176
1760
1761
1763
1767
1769
177
1770
1773
1775
1776
1778
178
1785
1786
1787
1788
1789
1791
1794
1795
1796
1798
18
1800
1801
1803
1804
1805
1806
1807
1808
181
1811
1812
1813
1814
1815
1816
182
1821
1822
1823
1824
1825
1826
1827
1828
1829
183
1830
1831
1832
1834
1836
1837
1839
1841
1843
1844
1845
1846
1847
1848
185
1850
1854
1855
1857
1859
186
1861
1869
1879
1880
1889
189
1890
1892
1893
1894
1896
19
190
1901
1902
1903
1906
1907
1908
1909
191
1910
1911
1915
1917
192286
192683
1933
1938
1942
1945
1947
1948
1950
1952
1954
1956
1958
1959
196
1960
1961
1962
1964
196403
196441
196475
1965
196527
196528
1967
196743
1968
196883
1969
197
197021
197131
197259
1973
197322
1974
1975
1977
1978
1981
1983
1984
199
1990
1991
199221
199223
1993
1994
199699
199713
1998
199857
2
200150
2002
200205
200315
2004
200403
2005
200576
2006
200728
200734
200879
200894
200895
2009
200909
200931
200933
200959
2010
2011
201163
2012
201229
201283
201294
2013
2014
201475
201595
201626
2017
2018
2019
201973
2020
202018
2022
2023
202333
202374
202559
2026
2027
2028
2029
203
2030
203062
203068
203228
203286
2033
203328
2034
203447
2035
203522
203547
2036
2038
203859
204
2040
2041
2042
204219
2043
2044
2045
2046
2047
2048
204851
2049
205
2050
2051
2052
2053
205428
2055
2056
2057
2059
2063
206358
2064
2065
2066
2067
2068
2069
207
2070
207063
2071
2072
2073
2074
2077
2078
208
2081
2091
2098
2099
21
210
2100
2101
2103
2104
2108
2109
211
2110
2113
2114
2115
2117
2118
2119
212
2120
2121
2122
213
2130
2131
2132
2135
2137
2138
2146
2147
2149
215
2150
2152
2153
2155
2157
2158
2159
216
2160
2161
2162
2165
2166
2167
2169
217
2170
2171
2172
2173
2175
2176
2177
2178
218
2180
2181
2182
2184
2185
2186
2187
2188
2189
219
2191
2192
2193
2194
2195
219749
219771
219790
219844
2199
219970
22
220
2200
220074
2201
220136
2202
220202
220296
2203
2205
2206
2207
2208
2209
220929
220972
220988
221
2210
221035
221037
221074
221078
221079
221120
2212
221294
2213
221357
221393
2214
221421
221458
221496
2215
221687
221692
221749
2218
221833
221895
221914
221927
222
2222
222236
222256
222389
2224
222537
222546
222662
222698
222962
223
2230
223117
2232
2235
2237
2239
224
2241
2242
2243
2244
2245
2246
2247
2248
2249
225
2250
2252
2253
2254
2255
225689
2257
2259
226
2260
2261
2262
2263
2264
2266
2268
2271
2272
2273
2274
2277
22795
22796
2280
22800
22802
22806
22808
22809
22820
22822
22827
22843
22844
22845
22848
22850
22852
22853
22854
22856
22858
2286
22861
22864
22866
22868
22871
22872
22874
22878
2288
22880
2289
22891
22897
229
2290
22900
22902
22904
22906
22907
22909
22914
22917
22919
22926
22927
22930
22931
22933
22934
22937
2294
22941
22943
22947
22948
22949
2295
22953
22954
22955
2296
22976
22978
22982
22983
22985
2299
22992
22995
22996
22999
23
23001
23005
2301
23011
23012
23013
2302
23020
23025
23026
23028
2303
23030
23033
23036
2304
23040
23042
23043
23046
2305
23054
23061
23064
23065
23067
23070
23071
23074
23078
2308
23080
23081
23085
23086
2309
23090
23092
23093
23094
23095
23096
23097
23098
231
23101
23111
23112
23114
23118
2312
23126
23127
23129
2313
23133
23135
23136
2314
23141
23143
2315
23152
2316
23163
23165
23166
23169
2317
23171
23173
23174
23175
23178
23179
2318
23186
23187
23189
23191
23193
23197
23198
23201
23203
23204
23205
23207
23208
23209
2321
23211
23213
23216
23217
23218
2322
23224
23228
23229
23230
23235
23236
23237
2324
23244
23245
23246
23247
23248
23250
23255
23256
23258
23259
23261
23262
23269
2327
23270
23274
2328
23284
23286
23288
23293
23294
23299
23301
23302
23305
23308
23310
23312
23314
23315
23316
23317
2332
23321
23322
23325
23327
23328
23332
23334
23338
23339
2334
23341
23345
23347
23348
2335
23352
23362
23363
23370
23373
23382
23384
23385
23386
23387
23389
2339
23394
23395
23397
23400
23404
23405
23406
23408
23410
23411
23413
23414
23417
23418
2342
23420
23421
23424
23426
23428
23431
23435
23436
23438
23443
23450
23451
23456
2346
23460
23461
23462
23464
23468
23469
23474
23475
23476
2348
23483
23491
23492
23493
23495
23498
23499
2350
23500
23503
23507
23508
23509
23511
23512
23513
23514
23515
23516
2352
23521
23522
23523
23528
23529
2353
23530
23532
23533
23534
23539
2354
23541
23543
23544
23545
23547
23549
2355
23551
23552
23554
23556
23558
2356
23562
23564
23568
23569
2357
23576
2358
23581
23586
23590
23592
23593
23594
23597
23600
23603
23604
23607
23619
23620
23621
23624
23630
23632
23635
23636
23639
23643
23649
23650
23657
23671
23673
23678
23683
23705
23708
23731
23732
23742
23743
23746
23753
23761
23764
23765
23767
23774
23780
23788
238
239
2395
24
240
241
24137
24138
2414
24140
24145
24147
24148
24149
242
2444
245806
245972
246
246243
246269
246329
246744
246778
2475
2483
2487
2488
249
2492
2494
2495
25
250
2512
2516
2517
2520
2521
2524
2526
252969
2530
253012
253017
2531
2532
253260
2533
2534
2535
253650
2537
253738
2538
253827
2539
254065
254158
2542
254394
254428
254528
2548
2549
2550
255022
255082
2551
255101
255239
2554
2555
2556
2557
255738
255758
2558
2559
255928
2560
256076
2561
2562
256297
2563
2564
256471
2565
256536
2566
2567
256714
256764
2568
2569
256957
257
2570
257044
2571
257194
2572
257202
257240
25778
25780
25782
25788
25792
25793
25794
25796
25797
258
2580
25800
25801
25802
25803
2581
25814
25816
25818
2582
25820
25821
25824
25825
25828
2583
25830
25836
25839
2584
25840
25842
25844
25861
25865
2587
25874
25878
2588
25885
25886
25890
25898
259
2591
25913
25914
25915
259173
259197
2592
259217
25923
259232
259236
259266
259282
2593
25930
259307
25932
25939
25942
25945
2595
25953
25959
2596
2597
25970
25973
25974
25976
25977
25978
25981
25989
26
26005
26011
26012
26013
26022
26034
26037
26038
26040
26047
26050
26053
26054
26056
26058
26060
26061
26088
26090
26092
26115
26119
26121
26123
26127
26128
26135
26136
26137
26140
26146
26149
26150
26154
26160
2617
26173
261734
2618
2619
26191
262
2620
2621
2622
26223
26224
26225
26227
26228
26229
2623
26235
26239
2624
26249
2625
26253
26256
26258
26259
2626
26260
26269
2627
26270
26272
26275
26276
26277
26278
26279
2628
26280
26281
26284
26286
2629
26291
26298
2632
2633
26330
2634
26353
2638
2639
2641
2642
2643
2645
2646
26468
2647
26470
26471
26472
2648
26499
265
2650
26503
26504
26507
26508
2651
26519
2652
26523
26524
26525
26528
2653
2657
2658
26580
26585
2660
26608
2661
26610
2662
2664
266553
266629
266727
266743
2668
266977
267
2670
267004
267012
2671
2672
2673
2674
2675
2676
26762
2677
2678
268
2683
26873
2688
2689
269
2690
2691
2692
2693
2694
2696
26960
2697
26985
26986
27
270
2700
2701
27010
27013
27019
2702
27020
27022
2703
27030
27031
27032
27034
27035
27036
27037
27042
27044
2705
2706
27063
27068
2707
27071
27074
27077
27086
27087
27089
27091
27094
27095
27098
271
2710
27102
27107
27113
27115
27121
27122
27123
27125
27127
27130
27131
27133
27134
27136
27145
27148
27151
27152
27161
27163
27164
27165
2717
27173
27184
27185
27189
2719
272
2720
27201
27229
27232
27235
27241
27242
27245
27246
27247
27248
27249
27250
27253
27255
27283
27284
27286
2729
27294
27295
2730
27306
2731
27315
27316
27324
27327
27328
27329
2733
27330
27333
27339
27340
27344
27345
27347
27348
27349
2735
27350
2736
2737
2739
274
2740
2741
2742
27429
2743
27436
2744
27445
2745
2746
2747
275
2752
276
2760
2762
2766
2767
2768
2770
2771
2773
2774
2775
2776
2778
2779
2780
2782
2784
2787
2788
279
2791
2796
2798
2799
28
280
2803
2804
2805
2806
2810
2811
2812
2815
2817
2819
2820
2821
2823
28232
28234
2826
282617
282706
282775
282808
282809
2829
282973
282996
283
283092
2831
283120
283130
283131
28316
283234
283237
2833
283310
283316
283375
283383
283417
283446
283450
283463
283489
2835
283571
283652
2837
283748
283849
283871
283927
283989
284
284013
284058
284086
284098
2841
284111
284119
284217
284252
284382
28439
284403
28442
28444
2846
284654
284656
2847
28474
284904
284996
285
28514
285175
285195
2852
285203
285220
285242
285313
285362
285440
285489
285590
285600
285601
285704
285761
285834
285848
2859
285955
286
286053
286077
2862
286204
286262
28639
2864
286464
286530
286676
286887
2869
287
2870
2872
2873
2875
28755
2876
2877
2878
2879
28796
288
2880
2882
2885
2886
2887
2888
28883
2889
2890
2891
2892
2893
28937
2894
2895
28952
28956
28957
28958
2896
28960
28962
28964
2897
28973
28976
2898
28982
28984
28988
2899
28996
28998
28999
29
290
2900
2901
2902
2903
2904
2905
29058
2906
29071
29072
29078
29079
2908
29083
29086
29087
29089
29091
29098
291
29102
29103
29108
2911
29110
29114
29115
29116
29119
2912
29123
29125
29126
2913
2914
2915
2916
2917
2918
2919
292
2920
2921
2922
2923
2925
293
2931
2932
2934
2935
2936
2937
2938
2939
2940
2941
2944
2946
2947
2948
2949
2950
2952
2953
2954
2956
2957
2961
2969
2971
2972
2973
29760
2977
29777
2978
29785
29789
2979
29796
29801
2981
2982
2983
2984
29851
2986
2987
29881
29887
29893
29894
29896
29899
2990
29901
29914
2992
29920
29922
29923
29924
29925
29926
29927
29929
2993
2994
29940
29942
29943
29947
29949
2995
29950
29954
29957
29958
2996
29968
2997
29978
2998
29980
29985
29991
29995
30
3000
30000
30008
30009
30011
30012
3002
3005
3006
30061
30062
3008
3009
301
3012
3014
302
3020
3021
3026
3028
3029
3030
3032
3033
3034
3035
3039
3040
3043
3045
3047
3048
3052
3053
3054
3055
3059
306
3060
3061
3062
3064
3065
3066
3067
3068
3069
307
3070
3073
3074
3075
3077
3078
308
3081
30813
30814
30816
30817
30818
3082
3083
30833
30834
30835
3084
30845
30849
3087
309
3090
3091
3092
3094
30968
3097
3098
3099
31
310
3101
3105
3106
3107
3108
3109
311
3110
3111
3112
3113
3115
3116
3117
3118
3119
3122
3123
3125
3126
3127
3131
3133
3134
3135
3137
3140
3141
3145
3146
3148
3149
3155
3156
3157
3158
3159
316
3161
3162
3163
3164
3166
3169
317
3170
3171
3172
3174
3176
3177
317719
317749
317772
3178
318
3181
3184
3185
3187
3188
3189
3190
3191
319100
3192
3195
3198
3199
32
3200
3201
3202
3205
3206
3207
3208
3209
321
3211
3215
3218
3219
3229
323
3231
3232
3235
3236
3237
3238
3239
324
3240
3242
3248
3249
325
3250
3251
3257
326
3263
3265
326625
3269
3273
3274
3276
328
3280
3283
3284
329
3290
3291
3292
3293
3294
3295
3297
3299
33
330
3300
3303
3304
3305
3306
3308
3309
331
3310
3312
3313
3315
332
3320
3326
3329
333
3336
3337
3339
334
3340
3342
3346
335
3350
3351
3352
3354
3355
3356
3357
3358
3359
336
3360
3361
3362
3363
337
3371
3373
3375
3376
337867
337975
337977
338
338090
3381
3383
338321
338323
338328
338339
338382
338398
3384
338433
338442
3385
338557
338917
339145
339230
339327
3394
339453
3397
3398
339829
339855
339896
3399
339970
339976
34
3400
340024
340061
340075
340156
340205
340273
340533
340665
340719
340990
341
341208
341568
3416
341640
341676
3417
3418
3419
3420
3421
3422
3423
342371
3425
3426
3429
342945
343
3430
343035
3431
3433
3434
343450
343637
343641
3437
3439
343930
344
3440
344018
3441
3442
3443
3444
3445
3446
3447
344752
3448
3449
345
3451
345193
3452
3454
3455
345557
3456
345611
3458
345895
3459
345930
346
3460
346007
346171
346288
346389
347
347273
347344
347365
3476
347688
347730
347733
347735
3479
348
3480
3481
348180
3482
3483
348327
3484
3485
3486
348654
348793
3488
3489
348932
348938
348980
3490
349075
3491
349149
3492
3493
3494
349565
35
350
3500
3501
3503
3507
3508
351
3512
3514
3516
352909
353
353143
353144
353238
353293
353514
3537
354
3543
3547
3549
355
3551
3552
3553
3554
3557
3558
3559
356
3560
3561
3562
3563
3565
3566
3567
3568
3569
357
3570
3572
3574
3575
3576
3577
3578
3579
358
3586
3587
3588
3589
359
3590
3592
3593
3594
3595
3596
3598
359845
359948
36
360
3600
360203
3603
3604
3605
3606
3608
361
3611
3612
3613
3614
3615
3617
3619
362
3620
3621
3623
3624
3625
3627
3628
3630
3631
3632
3633
3636
364
3640
3642
3643
3645
3651
3652
3653
3654
3655
3656
3659
366
3660
3661
3662
3663
3664
3665
3667
3669
367
3670
3673
3674
3675
3676
3678
3679
368
3680
3683
3684
3685
3687
3688
3689
369
3690
3691
3692
3693
3694
3695
3696
3697
3698
3699
37
3700
3702
3703
3704
3706
3708
3709
3710
3712
3713
3714
3716
3717
3718
372
3720
3725
3726
3727
3728
3730
373156
3732
3735
3736
3737
3738
3739
374
3741
3742
374291
3743
374393
3744
374407
374462
3745
374569
3746
374654
3747
3748
374879
374887
3749
374955
374969
374977
375
3750
375056
3751
3752
375298
3753
375444
375449
3756
375611
375612
3757
375748
375790
3758
3759
3760
3761
3762
3763
3764
3765
3766
3767
3768
3769
3772
3775
3776
377677
3777
3778
3779
378
3780
3781
3782
3783
3784
3785
3786
378884
378938
3790
3791
3792
3796
3798
3799
38
3800
3802
3803
3804
3811
3814
3815
3816
3817
3818
382
3820
3827
383
3832
3835
3836
3837
3839
384
3841
3843
3845
3848
3849
3850
3851
3852
3853
3854
3855
3856
3857
3858
3859
3860
3861
3866
386653
386681
3868
387
387032
387119
387129
3872
387266
387357
387496
3875
387509
387583
387700
387715
387733
388
3880
388125
3882
388228
388389
388531
388552
388585
388662
388697
3887
388753
3889
388939
388962
389
389058
3891
389197
3892
389207
389289
389400
389421
389434
3895
389549
389558
3897
389827
389840
389856
3899
39
390
390168
3902
390243
390594
3906
3908
3909
3910
391013
3911
3912
3913
3914
3915
3918
392
3920
3921
392255
392399
3925
392636
3927
3929
393
3930
3931
3932
3933
3934
3936
3938
3939
3945
3948
3949
395
3952
3953
3954
3955
3956
3957
3958
396
3963
3965
397
3972
3973
3976
3977
3978
3980
3981
3982
3984
3985
3988
3990
3991
3992
3993
3996
3998
399909
40
400
4000
4001
400359
4004
4005
400500
4007
400765
4009
400916
400931
400935
401
4010
401024
401138
4012
401285
4014
401474
4015
4016
401612
4017
4018
402
4023
402381
402415
4026
403
4035
4036
4038
4040
404037
4041
404203
404281
4043
4045
4046
404672
4047
4048
4049
405
4050
4053
4054
4055
4056
4057
405753
4058
406
4060
4061
4066
4067
4068
406884
406885
406886
406891
406892
406893
406894
4069
406900
406901
406902
406903
406906
406912
406913
406914
406919
406920
406921
406924
406927
406928
406932
406933
406935
406936
406937
406938
406940
406942
406943
406946
406947
406948
406950
406952
406957
406958
406959
406960
406961
406965
406967
406968
406970
406971
406983
406984
406985
406986
406987
406988
406989
406991
406994
406996
406997
406998
406999
407
4070
407000
407001
407003
407004
407006
407007
407009
407010
407012
407013
407017
407018
407019
407020
407021
407023
407026
407029
407030
407031
407034
407035
407040
407041
407042
407050
407054
407055
4072
4074
4076
407975
408
4082
4084
4086
4087
4088
4089
409
4090
4091
4092
4093
4094
4099
41
410
4100
4103
4108
411
4110
4112
4113
4117
4118
412
4124
4125
4126
4128
4129
4130
4133
4134
4135
4137
4139
4140
414062
4141
4142
4143
4144
4145
4148
414886
4149
415
4150
4151
415116
4152
4153
4154
4155
4157
4158
4159
416
4160
4161
4162
4163
4166
417
4170
4171
4179
4189
4190
4191
4192
4193
4194
4199
4200
4204
4205
4207
4208
421
4210
4211
4212
4214
4215
4216
4217
4218
4221
4222
4223
4224
4233
4240
4241
4245
4247
4253
4254
4255
4256
4257
4258
4259
4261
4267
427
4277
4281
4282
4283
4284
4285
4286
4287
4288
429
4291
4292
4293
4294
4296
4297
4298
4299
43
430
4300
4306
4308
4311
4312
4313
4314
4316
4317
4318
4319
4320
4321
4322
4323
4324
4325
4326
4327
4329
433
4330
4335
4336
4337
4338
434
4340
4345
435
4350
4351
4352
4353
4354
4357
4358
4359
4360
4361
4363
438
4397
440
440021
440138
440193
440275
440387
440435
440823
440854
441478
442721
442893
442894
442896
442897
442900
442901
442904
442905
442907
442908
442909
442910
442911
442913
442914
442915
443
4430
4436
4437
4439
444
4440
445
4477
4478
4481
4482
4485
4486
4487
4488
4489
449489
4495
4502
4504
4507
4508
4509
4511
4512
4513
4514
4519
4520
4522
4524
4534
4535
4536
4537
4538
4539
4540
4541
4543
4544
4547
4548
4549
4550
4552
4558
4564
4565
4566
4567
4568
4570
4571
4572
4574
4575
4577
4578
4582
4583
4585
4588
4589
4591
4593
4594
4595
4597
4598
4599
460
4600
4601
4602
4603
4604
4607
4609
4610
4613
4615
4616
4618
4619
462
4620
4621
4624
4625
4626
4627
4628
4629
463
4633
4634
4635
4638
4642
4643
4644
4645
4646
4647
4649
4650
4653
4654
466
4660
4668
4669
467
4676
4677
468
4680
4683
4684
4688
4689
4690
4691
4692
4693
4694
4695
4696
4697
4698
47
4700
4701
4702
4703
4704
4705
4706
4707
4708
4709
471
4710
4711
4712
4713
4714
4715
4716
4717
4718
4719
472
4720
4722
4723
4724
4725
4726
4728
4729
473
4731
4734
4735
474
4741
474382
4744
4745
4747
475
4750
4751
4752
4758
4759
476
4760
4761
4762
4763
477
4771
4772
4773
4774
4779
478
4780
4782
4783
4784
4790
4791
4792
4794
4795
48
480
4800
4802
4803
4804
4808
4809
481
4810
4811
4814
482
4824
4825
4826
4829
4830
4831
4835
4836
4837
4838
4841
4842
4843
4846
4849
4851
4852
4853
4854
4855
486
4860
4861
4862
4864
4867
4868
4869
487
4878
4879
488
4881
4882
4883
4886
4887
4889
489
4891
4893
4897
4898
490
4900
4901
4902
4904
4905
4907
4908
4909
4913
4914
4915
4916
4919
492
4920
4921
4922
4923
4924
4925
4926
4927
4928
4929
4935
493753
4938
493818
493856
493869
4939
4940
4942
494323
494324
494325
494326
494327
494328
494329
494330
494331
494337
494513
494551
4946
4947
4948
495
4952
4953
496
4967
4968
4973
4976
4978
498
4982
4983
4985
49855
4986
4987
4988
4990
4998
50
5000
5002
5004
5005
5008
5009
501
5010
5015
5017
5019
5020
5021
5024
5025
5027
5028
5029
5030
5032
5033
5034
5036
5037
5045
5047
5048
50484
50485
50487
50488
5050
50506
50507
50508
50509
50511
50514
5052
5053
5054
5055
5058
50604
50615
50616
50617
50618
50619
5062
50628
5063
50632
50640
50649
50651
5066
5067
5069
50700
5071
50717
5073
5074
5075
5076
5077
5078
5079
5080
50805
50807
50809
5081
50813
50814
5083
50833
50838
50846
50863
5087
5091
5092
50937
50939
50940
50943
50944
50945
5095
5096
50960
50964
51
5100
51002
51004
51008
51010
51014
51022
51025
51029
51035
5104
51042
51043
5105
51053
51056
51057
51060
51062
51067
51076
51079
5108
51081
51082
51083
51084
51085
51086
51090
51091
51092
51094
51098
51099
5110
51102
51103
51107
51109
5111
51111
51112
51114
51117
51119
51121
51124
51128
51129
51131
51132
51133
51134
51135
51142
51147
51150
51151
51156
5116
51163
51164
51166
51167
51168
51170
51172
51174
51175
51176
51179
51181
51182
51185
51187
5119
51191
51194
51196
51199
51201
51203
51204
51208
5121
51218
5122
51225
51227
51228
51244
51247
5125
51251
51259
5126
51268
5127
5128
51284
51291
51292
51293
51294
51299
513
5130
51300
51305
51308
51311
51314
51317
51320
51322
51324
51327
5133
51330
51338
51339
51341
51347
51350
5136
51360
51361
51363
51364
51366
5137
51371
5138
51380
51388
5139
51393
51399
514
5140
5141
51412
5142
51422
51426
5143
51433
51438
5144
51441
51447
5145
51451
5146
51466
5147
51473
51475
51477
51478
51479
5148
5149
51491
51493
5150
51501
5151
51510
51514
5152
51520
51524
51527
5153
51530
51533
51535
5154
51540
51547
5155
51555
51557
5156
51561
51564
51567
5157
51573
51574
5158
51586
5159
51592
51593
51594
5160
51601
51604
5161
51611
51614
5162
51621
51626
5163
51633
5164
51649
5165
51651
51655
51659
5166
51660
51668
5167
51684
51686
51692
5170
51701
51702
51706
51715
51716
5172
51725
51726
51727
51728
5173
51733
51734
51735
51738
5174
51741
51744
5175
51750
51752
51755
5176
51761
51762
51763
51765
51776
51778
5178
51780
5179
51804
51807
51816
5184
5187
5188
5189
5190
5191
5192
5193
5194
5195
5196
5198
5199
52
5205
5207
5209
5210
5211
5213
5216
5217
5218
5222
5223
5224
5226
5228
5229
523
5230
5236
5238
5239
5241
5243
5244
5245
525
5250
5251
5253
5255
5256
5257
526
5260
5261
5264
5265
5266
5267
5268
5269
5270
5271
5272
5273
5274
5277
5279
528
5283
5287
5288
5289
529
5290
5291
5292
5293
5294
5295
5296
5297
5298
53
5300
5303
5304
5305
5306
5307
5308
5309
5310
5311
5313
5314
5315
5317
5318
5319
5320
5321
5322
5325
5327
5328
5329
533
5332
5333
53335
53336
5334
53343
53345
5335
53353
5336
5337
5338
5339
5340
53405
5341
5345
5346
5347
5348
5350
5351
5352
5354
5357
5358
5359
5360
53615
53616
5362
53630
53632
53635
53637
5364
5365
5366
5367
5368
537
5371
5373
5375
5376
5378
538
53826
53834
53904
53916
53919
53944
53947
5395
5396
54
540
5406
5407
5408
54084
5409
54101
54106
54107
54112
541471
54187
5420
54205
54206
54209
54210
54212
5422
54221
5423
5424
5426
5427
5428
5429
54331
54332
54344
54345
5435
54360
54361
54363
54407
54413
54414
5443
54431
54433
54436
54437
5444
54441
54443
5445
54453
54457
54458
5446
54463
54469
5447
54474
54475
54476
54487
5449
54496
54498
54499
545
5450
54502
54503
54507
5451
5453
54531
54535
54538
54539
5454
54541
5455
54550
54551
54567
5457
54578
54583
54584
54585
546
5460
54600
54620
5464
5465
54657
54658
54659
54663
54664
5467
54676
54677
5468
54681
5469
547
54704
5471
54714
54715
54716
54719
5473
54738
54739
54749
54756
54757
5476
54765
54768
5478
5479
54790
54795
54796
54798
5480
54800
54802
54805
54806
54808
54809
5481
54820
54822
54826
54829
54832
54840
54845
54848
54856
548596
54861
54862
54870
54872
54877
54878
54880
54884
54885
54886
54887
54888
54894
54897
54899
549
54901
54902
54903
54916
54919
54928
54929
5493
54935
54941
54949
5495
54954
54963
54968
54970
54977
5498
54982
54986
5499
54995
55
5500
55005
55008
5501
55012
55014
5502
55023
55024
55033
55034
55036
55054
5506
55062
55065
55072
55076
55081
55083
55084
551
55102
55107
55109
55110
55112
55117
55120
55129
55130
55131
55135
55140
55144
55145
55146
55148
55149
5515
55151
55153
55157
55159
5516
55163
55165
55172
5518
55180
55183
55187
5519
55191
55193
55197
55198
552
5520
55205
55206
55209
5521
55210
55212
55213
55214
55215
55217
55219
5522
55239
5524
55245
55248
55249
55250
55252
55254
55256
55259
55262
5527
55274
55275
5528
55280
55286
55289
55294
553
5530
55300
55304
553115
55312
55315
553158
5532
55325
55328
5533
55331
5534
55342
55343
55344
5535
55350
55356
55357
55359
5536
55364
55366
55367
5537
5538
554
5540
554210
55422
5546
55486
5550
55500
55504
55505
55507
55509
5551
55512
55521
55526
5553
55532
55534
55553
55554
55558
55559
55561
55572
55576
55577
55584
55589
55596
55600
55601
55605
55612
55613
55614
5562
55621
55623
55624
55626
55627
5563
55630
55636
5564
55640
55644
5565
55650
55651
55654
55656
5566
55662
5567
55670
55676
55679
5568
55683
55684
55687
5569
55690
55695
55697
55699
55703
55704
55714
55717
55728
55729
5573
55733
55734
55737
55739
55740
55741
55743
55745
55746
55748
55750
55752
55755
55759
5576
55760
55764
55765
55768
5577
55773
55775
55777
55779
5578
55780
55781
55784
55788
5579
55796
55799
558
5580
55800
55806
55808
55809
5581
55811
55812
55814
55816
55818
55819
5582
55823
55824
55825
55827
55829
5583
55830
55833
55835
5584
55840
55841
5585
55851
55856
55857
55858
5586
55862
55863
55867
55869
5587
55870
55876
55879
5588
5589
5590
55901
55902
55904
55905
55906
55907
5591
55911
5592
5593
5594
5595
55958
55959
5596
55967
55971
55975
5598
5599
55997
55998
55999
5600
56005
56006
5601
5602
5603
5604
5605
56052
5606
5607
5608
5609
5610
56100
5611
56121
56128
56136
56154
56155
56159
56164
5617
56172
5618
56180
56203
5621
5623
5624
56244
56246
5625
5626
56262
56267
56269
5627
56270
56271
56287
56288
5629
563
5630
56301
5631
56311
5638
56413
5644
5645
5646
56474
56475
56479
5648
5649
5650
5651
5652
56521
5653
5654
56547
5655
5657
5660
56603
56605
56606
56616
5662
56623
5663
5664
56652
56655
56660
56666
56670
56683
567
56704
56729
5673
56776
5682
5683
56833
5684
56848
56849
5685
5686
5687
5688
5689
56899
5690
56901
5691
56915
56916
5692
56922
56923
56924
56925
56929
5693
56934
56938
5694
56940
56942
56945
56946
56947
5695
56950
56952
56953
5696
56963
5697
56975
56978
5698
56981
56983
5699
56990
56997
56999
570
57001
57007
57010
57016
57017
5702
57026
57030
57038
57045
5705
57053
57057
57061
57082
57084
57088
5709
57094
57096
57099
57102
57104
57105
57107
57113
57118
57120
57122
57128
57132
5714
57142
57144
57152
57158
5716
57162
57165
57167
57172
57178
5718
57185
57187
57188
5719
57190
57192
57194
572
5720
5721
57211
57216
57217
5723
57231
5724
5726
5727
5728
57282
5729
573
5730
57309
5731
5732
5733
57333
57338
5734
57369
5737
57379
57381
5739
57396
5740
574032
574034
574038
57407
5741
57410
57412
57419
5742
5743
5744
574408
574410
574413
574433
574434
574435
574436
574442
574445
574447
574450
574451
574452
574453
574454
574455
574456
574457
57447
574473
57449
5745
574511
57453
57459
5746
57465
57468
5747
57477
57480
57489
57492
57498
57502
57505
57509
57510
57511
57514
57520
57521
57523
57526
57529
5753
57531
57532
57534
57535
57537
57538
57539
5754
57545
57551
57554
57555
5756
57560
57561
5757
57572
57575
57576
57582
57592
57595
57596
57599
57608
57609
57610
57616
57628
57644
57646
57654
57657
57661
57664
57665
57670
57674
57678
57679
57680
57683
57688
57692
57697
5770
57700
57704
57709
5771
57716
57724
57727
57728
57731
5774
5775
57760
57761
5777
57787
57798
578
5781
57817
5782
57822
57823
5784
5786
5787
5788
5789
579
5791
5792
5793
5795
5796
58
580
5800
5801
5802
5803
5805
5806
581
5813
5816
5817
5818
58189
58190
582
5820
5824
5825
5826
5827
5828
5829
583
5830
5831
5832
5834
5836
5837
58478
58484
58485
58488
58495
58497
58498
585
58505
58508
58510
5858
5859
586
5860
5868
587
5871
5873
5875
5876
5879
5880
5885
5886
5887
5888
5889
5890
5891
5892
5893
5894
5896
5897
5898
59
590
5900
5901
5902
5905
5906
59067
5908
59082
59084
5909
5911
5913
5914
5915
5916
5917
5918
5920
5921
5922
5923
5924
5925
5926
59269
5927
59272
59283
593
5932
59335
59338
5934
59340
59341
59342
59344
59345
5935
59350
59352
594
5947
594857
5949
595
5950
5956
5957
5959
596
5961
5962
5965
5966
5967
597
5970
5972
5973
5977
5978
5979
598
5981
5982
5984
5987
599
5990
5991
5992
5993
5994
5995
5996
5997
5999
60
6000
6001
6002
6005
6006
6007
6009
6010
6011
6016
6017
6019
6023
6035
6036
6037
60370
6038
60386
604
60401
6041
6046
60468
60481
60482
6049
60490
60493
60495
60506
60509
60526
60528
60529
60558
60561
6059
606293
60673
60674
60675
60678
60681
60684
60685
607
6091
6092
6093
6094
6095
6096
6097
6098
610
6100
6101
6102
6103
611
6121
6122
6124
6125
6128
613
6132
613212
6134
6135
6136
6137
6138
6139
6141
6143
6144
6147
6152
6154
6155
6160
6165
6167
617
6185
6187
6188
6191
6193
619379
6194
619465
6195
619509
619552
619555
619556
6197
6198
6199
6201
6202
6203
6204
6207
6208
6209
6218
622
6222
6223
6227
6228
6229
623
6231
6232
6234
6235
6236
6237
6238
6239
624
6240
6241
6249
6251
6252
6253
6256
6257
6258
6259
6261
6262
6263
627
6271
6272
6273
6275
6277
6278
6279
6280
6281
6282
6283
6284
6285
6286
6288
629
6293
6295
6296
6297
6299
6300
6302
6303
63035
63036
6305
6307
6309
631
6310
6311
6314
6315
6317
6318
6319
632
6323
6324
6326
6327
6328
6329
633
6330
6331
6332
6334
6335
6336
6337
6338
6339
634
6340
6341
6342
6343
6344
6346
6347
6348
6349
635
6351
6352
6354
6355
6356
6361
6362
6363
6364
6366
6367
6369
637
6372
6373
6374
6376
638
63826
6383
6385
6386
6387
63876
6388
6389
63891
63892
63894
63895
639
6390
63901
6391
63910
63916
6392
63924
63925
63926
63928
63929
63939
63943
63967
63976
63978
63982
6399
640
64005
6401
6402
6403
6405
6406
64061
64064
64066
64067
64072
64077
64084
64087
64093
64094
641
64100
64108
64109
64116
64121
64127
64131
64132
641339
64135
641371
641372
6414
64146
6415
64150
6416
64167
64170
64175
6418
642
6421
64211
64215
64216
64218
64219
6422
64220
64221
64224
6423
6424
64240
64241
6425
6426
6427
6428
64288
6429
643
64321
643226
64324
64326
64327
6434
643418
64359
64374
64375
64377
64386
64388
6439
64399
644
6440
644032
64405
64409
644096
6441
64411
644165
64419
6442
64421
64423
6443
64434
6444
64446
6445
6446
6447
64478
6448
64499
645
64506
6452
645249
6453
64577
64579
64581
64600
6462
64644
64651
6468
64682
6469
646960
64699
6470
6472
6473
6474
64743
64755
64756
6476
64761
64768
64778
64780
64787
64788
647979
64799
648
6480
64801
64802
64805
64816
6482
64837
6484
64840
64849
64850
64854
64859
6487
64881
649
6490
64901
64902
6491
64919
6492
6493
6494
6495
6496
64963
64968
6497
6498
6499
650
6500
65005
65018
6502
6503
6504
6505
65055
65057
65059
6506
65061
65062
6507
65078
65082
65084
6509
6510
65109
6511
6512
65125
6513
6514
6515
6517
6518
6519
652
6520
6521
65217
6522
6523
6524
65250
65258
6526
65260
65266
65267
6528
6529
652968
6530
6531
6532
6533
653361
6534
6535
653509
6536
6538
6539
654
6540
6541
6542
6545
6546
6547
6548
6549
655
6550
6554
6555
6556
6557
6558
6559
6560
6561
6563
6564
6565
6566
6567
6569
657
6570
6571
6572
6573
6574
6575
6576
6578
658
6580
6581
6582
6583
6584
6586
659
6591
6594
6595
6597
65975
6598
6599
65992
660
6601
6602
6603
66037
6604
6605
6606
6607
6608
6609
6611
6614
6615
6616
6620
6622
6623
6625
6626
6628
6632
6633
6634
6635
6638
664
6640
6646
664612
664615
664616
6647
6648
6649
6650
6651
6652
6653
6654
6655
6657
6658
6659
6660
6662
6663
6664
6667
667
6670
6671
6674
6675
6678
668
6683
6687
6688
6689
669
6690
6691
6695
6696
6697
6698
670
6700
6701
6708
6709
671
6710
6711
6712
6713
6714
6715
6716
6717
6718
672
6720
6721
6722
6725
6727
6729
673
6730
6731
6733
6736
6737
6741
6742
6746
6748
675
6750
6751
6752
6753
6754
6755
6756
6757
676
6760
6768
6769
6770
6772
6774
6775
6776
6777
6778
677833
6779
678
6782
6783
6785
6786
6787
6788
6790
6792
6793
6794
6795
6804
6809
6811
6812
6813
6817
682
6820
6821
6822
683
6832
6833
6834
6836
6840
6843
6844
6845
685
6850
6853
6854
6855
686
6860
6862
6863
6865
6866
6868
6869
687
6870
6872
6873
6875
6876
6878
688
6880
6884
6885
6886
6888
6890
6891
6892
6897
6898
6899
6901
6902
6904
6905
6906
6907
6908
6910
6911
6913
6915
6916
6919
6921
692200
6925
6926
6927
6928
6929
693120
693121
693124
693128
693194
6932
693200
693213
693223
693235
6934
6935
6938
694
6941
6942
6943
6944
6947
6948
6949
695
6950
6955
6957
6964
6965
699
6997
6999
70
7001
7003
7006
7007
7008
701
7010
7011
7012
7015
7016
7018
7019
7020
7021
7022
7024
7025
7026
7027
7030
7031
7032
7035
7036
7037
7038
7039
7040
7042
7043
7044
7045
7046
7048
7050
7051
7052
7053
7054
7055
7056
7057
7058
7059
706
7062
7066
7067
7068
7071
7072
7074
7075
7076
7077
7078
7079
708
7080
7083
7084
7086
7087
7088
7090
7091
7092
7093
7094
7096
7097
7098
7099
71
710
7100
7101
7102
7103
7106
7109
7110
7111
7112
7113
7114
712
7122
7123
7124
7125
7126
7127
7128
713
7130
7132
7133
7134
7136
7137
7138
7139
714
7140
7145
7148
715
7150
7153
7155
7157
7159
716
7161
7162
7163
7164
7165
7166
7167
7168
7169
717
7170
7171
7172
7173
7175
7177
7178
7179
718
7181
7182
7184
7185
7187
7188
7189
72
720
7200
7201
7203
7204
721
722
7222
7223
7224
7225
7226
7227
7234
724024
724025
724026
724107
724110
7248
7249
725
7251
7252
7253
7257
7259
726
7262
7263
7264
7266
7267
727
7270
7272
7273
7274
7275
7276
727676
7277
727764
7278
727857
727897
728
7280
728294
7283
728310
7284
728448
7286
728635
728655
7287
7289
7290
7291
7292
729230
729238
7293
7294
729438
7295
729582
7296
7297
7298
7299
729920
7301
7305
7306
7307
731
7314
7316
7317
7318
7319
732
7322
7324
7325
7328
733
7332
7337
7341
7343
7345
7348
7349
735
7350
7351
7352
7353
7355
7356
7357
7358
7361
7364
7365
7366
7367
7369
7371
7372
7373
7374
7376
7378
7379
7380
7381
7384
7385
7386
7388
7389
7390
7391
7399
740
7401
7402
7403
7409
741
7412
7414
7415
7416
7417
7419
7421
7422
7423
7424
7425
7428
7429
7430
7431
7432
7434
7436
7439
7442
7443
7444
7447
7448
7450
7453
7454
7456
7458
7461
7462
7465
7466
7467
7468
7469
747
7471
7472
7473
7474
7476
7478
7480
7481
7482
7486
7490
7494
7498
750
7503
7504
7507
7508
7512
7514
7515
7516
7517
7518
7520
7525
7528
7529
7531
7532
7533
7534
7535
7536
7538
7543
7544
7545
7546
7547
755
7552
7555
7570
7571
759
7592
760
761
762
7625
7627
763
765
766
767
768
7681
768206
768212
768222
770
7700
7703
7704
7707
771
773
7730
7737
774
775
7750
776
7763
777
7779
778
7780
7781
7782
7786
779
7791
7799
780
7803
7804
7809
781
7818
782
7827
783
7832
7837
784
7840
7841
7844
7846
7849
785
7850
7852
786
7862
7867
7869
7871
7874
7879
788
78987
78989
790
79001
79023
79026
7903
79039
79042
79047
79048
7905
79053
79054
79057
79058
79068
79071
79072
79080
79084
79087
79090
79092
790955
79101
791114
791228
7913
79133
79137
79139
79143
79147
79148
7915
79152
79154
79156
79158
7916
79184
79187
79188
7919
79191
79192
79228
7923
79258
793
79365
79366
794
7941
79443
79444
795
7957
79570
79572
79574
79576
79577
79581
79583
79587
79595
796
79600
79602
79608
79621
79625
79628
79631
79633
79641
79644
79648
79649
79650
79659
79661
79676
79677
79689
79694
79695
797
79705
7971
79710
79718
79719
79722
79723
79728
79731
79734
79738
79742
79751
79753
79755
79759
7976
79763
79770
79776
79783
79784
7979
79791
79796
79797
79798
7980
79801
79803
79807
79809
79813
79822
79827
79836
79837
7984
79840
79842
79846
79848
79852
79853
79858
79861
79867
79868
79870
79876
79879
79882
79885
79887
79890
79896
799
7991
79912
79917
79923
79924
79930
79934
7994
79944
79947
79955
79983
79991
800
8000
8001
80018
80025
80054
80055
80067
80070
80086
801
80114
80122
8013
80131
80142
80144
80149
80150
80153
80155
80157
80169
80173
80184
80185
8019
80196
80199
80201
80204
80207
80208
8021
80210
80212
80216
80217
8022
80222
80224
80230
80232
80254
80270
80273
8028
8029
8030
80303
80304
80306
80308
8031
80310
80311
80312
80317
80323
80324
80326
80328
80331
80332
80339
80347
80351
8036
8038
80381
8048
805
8050
8065
80704
80705
80712
80723
80731
8074
80746
8076
80774
80776
80777
80781
80790
808
80816
80818
80821
80830
80832
80834
8085
80854
8086
80863
8087
8089
80896
8091
8092
81
810
8100
81027
81029
81031
81033
81037
8106
811
8110
8111
8115
8120
8125
8128
8131
8139
814
8140
8148
81490
81494
815
81501
81502
81545
81551
81552
81554
81562
81565
81567
81570
81572
81579
816
81605
81607
81608
81620
81622
81624
81628
8165
81689
81693
817
81704
8175
81788
81790
81792
81794
81797
818
81831
81839
81846
81848
81849
81857
81876
81887
8189
819
8190
8192
8193
8195
820
8200
8202
8204
821
8214
8216
8218
822
8220
8224
8226
8227
823
8233
8239
824
8241
8242
8243
825
826
8260
8270
8277
828
8284
8287
8288
8289
8290
8291
8292
8295
8301
8302
831
8312
8313
8314
8315
8318
832
8320
8322
8323
8324
83259
8326
8328
833
8339
83394
834
83416
83439
83449
83451
8346
8347
83473
83479
83480
83481
835
8350
8351
8352
8353
83538
8354
83544
83548
8355
83550
83552
8356
8357
8358
8359
83592
83593
83597
836
83605
83606
83636
83638
8364
8365
8366
83696
83699
837
83700
83706
83715
83716
83729
83732
83733
83737
83741
83746
83756
8379
83795
83852
83861
83872
83879
83884
83893
83932
83933
83938
83939
83940
83942
83943
83959
8396
8398
83986
83987
8399
83990
83992
83998
83999
840
84033
8404
8405
84059
84061
84062
84068
8407
84071
84074
84075
8408
8409
841
84100
84107
8411
8412
84126
84131
84133
84140
84142
84146
84148
84152
84153
84159
84162
84166
84168
84171
84173
84181
84188
84189
8419
84197
842
84215
84216
84217
84225
84230
84231
84233
8424
8425
84251
84254
84258
84260
84263
84273
84274
84277
8428
84281
84282
84285
84295
843
84300
8431
84314
84317
84320
84334
8434
84342
84343
8435
8436
84364
84376
8438
844
8440
8443
84433
84439
84441
84445
84446
8445
84456
84464
84466
84467
845
8450
84501
84504
8451
84515
84516
84519
8452
84522
84527
84529
8453
84532
84539
8454
84541
84547
8456
84570
84572
846
84617
8462
84623
84627
84628
84634
84647
84648
84649
84654
84662
84665
84667
84668
8467
84676
84678
8468
84680
84687
84693
84699
847
84700
84701
84705
84706
84709
84720
84725
8473
84733
84735
84740
84752
84790
84804
8481
84816
84818
84823
84830
84839
8484
84864
84866
84867
84870
84876
84879
84889
84892
84894
84896
84899
8490
84909
8491
84916
84919
8492
84920
84925
8493
84930
84942
84947
8495
84952
84966
8497
84976
84981
84984
84987
84991
84992
85007
85012
85016
8503
8504
8506
8509
8511
8513
8514
8516
8517
8518
8522
85236
8525
8526
8527
8528
8530
85300
85301
85358
8536
85363
85365
85366
8537
85377
85378
8540
85413
85415
85417
8542
85439
8544
85440
85443
85458
8546
85463
85465
8547
85476
85478
85480
8549
8550
8553
8554
8556
8557
8558
8560
8563
8564
8565
8566
8567
8569
857
8570
8572
8573
8575
8576
858
859
86
860
8600
8604
8605
861
8611
86123
8613
8614
8615
8618
862
8621
8622
8623
8624
8625
8626
8629
8630
8631
8633
8635
8636
8638
8639
864
8642
8643
8644
8645
8647
8648
865
8651
8654
8655
8659
866
8660
8661
8662
8665
8667
8668
867
8671
8675
8676
8678
868
8682
8683
8685
8694
8698
87
8701
8702
8703
8704
8708
871
8710
8711
8714
87178
8720
8722
8724
8725
8726
873
8732
8733
8735
8736
8737
8738
8740
8741
8742
8743
8744
875
8754
8764
8766
8767
8772
8773
8774
8776
87769
8777
8780
8784
8785
8787
8788
8790
8792
8794
8795
8797
8799
88
8800
8801
8802
8803
8804
8805
8807
8809
8811
8813
8814
8815
8818
8820
8821
8822
8823
8826
8828
8829
883
8831
8833
8835
8836
8837
8838
8841
8842
8843
8847
885
8850
8851
8852
8854
8856
8857
8858
8859
886
8863
8864
8867
8869
887
8870
8871
8875
8876
8877
8878
8879
8880
8883
8884
8886
8887
8888
889
8890
8891
8892
8893
8894
8895
8897
8898
8899
890
8900
8904
8905
8907
8910
8911
8912
8913
8914
8915
8916
8924
8925
8928
8929
8930
8932
8936
894
8940
8942
8943
896
8968
8970
8972
8973
8974
8975
89765
89780
89781
89795
89796
89797
898
89832
8985
8986
89869
8988
89884
89885
8989
89891
899
8991
89910
8997
89970
8999
9
90
900
9002
90121
9013
90134
90139
90141
90161
90167
9019
9021
90226
9025
9026
90268
90273
9030
9031
90338
9034
90353
9037
90381
90411
90417
90427
9045
9046
9048
9049
9051
9052
90529
9054
9055
9056
9058
9060
9061
90624
9064
90665
90678
9075
9076
9080
90826
90853
90865
9088
909
9091
9094
9095
90952
9096
9097
9099
90993
91
9101
9103
91039
9104
91074
9112
9113
91137
91147
91179
9118
9119
912
9120
9121
9122
9123
91252
9126
9128
91289
9129
9131
9132
9134
9136
914
9145
9146
9148
9149
915
9150
9152
9154
91543
9156
91574
9158
916
91608
91624
91647
91653
91661
91662
9168
917
91703
9173
9175
91752
91754
91768
9177
9179
9180
91801
91807
9181
9183
91833
9184
9185
91851
91869
9187
9189
919
9194
91942
91949
9197
92
920
9200
92002
9201
92014
9203
9204
9208
921
9210
92105
9211
9212
9213
92140
9215
9217
9218
9219
9221
92211
9223
9227
9228
9229
92292
923
9230
92304
9232
92335
92344
9235
924
9241
92421
9244
9246
9247
9248
92482
92483
9249
925
9253
9254
9255
92552
92579
926
9260
92609
9261
9262
9263
9265
9266
92667
92749
9275
9276
9277
928
9282
92840
9289
929
9290
9293
92935
9294
93
930
9308
931
9311
9312
9313
9314
93166
9317
9318
93183
9319
9320
9321
93210
93233
9325
9326
933
9330
9332
9333
9334
9340
9342
93426
9343
9344
9348
9349
9351
9353
9355
9356
93587
93589
9360
9361
93611
93627
9364
9365
93650
93663
93664
9367
9368
9369
9370
9373
9376
9377
9378
9379
9380
9381
9382
9394
9397
93986
94
940
94005
9401
94025
94081
9409
941
94103
9411
94121
94122
94137
9414
9415
9419
942
9420
9421
94233
94234
9424
9425
9427
94274
9429
943
9439
9440
9444
9445
9446
9448
945
9451
9453
9454
9455
9456
9457
9459
946
9462
9463
9464
9468
9469
947
9472
9473
9474
9475
9479
948
9481
9487
949
9495
9496
9499
95
950
9500
9508
9509
9510
9516
9517
9518
952
9520
9524
9526
9529
953
9531
9533
9536
9538
954
9540
9547
955
9557
9559
9562
9563
9564
9568
95681
9569
9570
9572
9573
9575
9576
9578
958
9581
9582
9583
9588
959
9590
9592
960
9600
9607
9610
9611
9612
9619
962
9620
9622
9623
9627
9631
9632
9635
9636
9637
9638
9639
9640
9641
9644
9647
9649
965
9652
9657
9662
9663
9668
9672
9674
968
9681
9687
9688
9689
969
9690
9693
9695
9699
970
9700
9702
9705
9706
9709
9711
9712
9719
972
9721
9722
9723
9725
9726
9728
973
9731
9732
9733
9734
9737
9739
974
9742
9743
9744
9745
9748
975
9750
9752
9754
9755
9757
9758
9759
976
977
9771
9774
9775
978
9780
9782
9783
9786
9788
9790
9791
98
9801
9805
9811
9817
9820
9821
9824
9826
9829
983
9832
9833
9836
9839
9841
9842
9844
9846
9851
9855
9856
9860
9861
9863
9869
987
9871
9873
9874
9877
9886
989
9891
9894
9895
9896
9897
990
9900
9901
9903
9907
9908
9915
9918
9922
9923
9924
9927
9928
9935
9939
994
9940
9943
9947
9948
995
9950
9953
9955
9957
996
9961
9962
9963
9965
9966
9968
9970
9971
9973
9975
9978
998
9985
9986
9987
999
9990
9992
9993
9997
